0 REM ** Apple ][ in Hi-Res graphics (280x192) **
5 HGR2 : HCOLOR= 1
10 FOR Y = 0 TO 191
20  FOR X = 0 TO 279 STEP 16
30   READ N
40   FOR I = 0 TO 15
50    N = N/2 : IF N <> INT(N) THEN HPLOT X+I, Y : N = INT(N)
60   NEXT
70  NEXT
80 NEXT
90 GET NxtPct$

100 REM ** Apple skull in Hi-Res graphics (280x192) **
105 HGR2 : HCOLOR= 3
110 FOR Y = 0 TO 191
120  FOR X = 0 TO 279 STEP 16
130   READ N
140   FOR I = 0 TO 15
150    N = N/2 : IF N <> INT(N) THEN HPLOT X+I, Y : N = INT(N)
160   NEXT
170  NEXT
180 NEXT

1000 DATA 0,0,0,0,0,0,0,0,0,0,0,0,0,0,0,0,0,0
1020 DATA 0,0,0,0,0,0,0,0,0,0,0,0,0,0,0,0,0,0
1030 DATA 0,0,0,0,0,0,0,0,0,0,0,0,0,0,0,0,0,0
1040 DATA 0,0,0,0,0,0,0,0,0,0,0,0,0,0,0,0,0,0
1050 DATA 0,0,0,0,44352,21832,23253,46811,56173,27354,18773,9362,43650,4,0,0,0,0
1060 DATA 0,0,0,0,21072,43669,42282,18724,9362,38181,22186,54613,21852,9,0,0,0,0
1070 DATA 0,0,0,0,43688,21684,21845,21845,21845,42325,37460,19114,35113,42,0,0,0,0
1080 DATA 0,0,0,0,21832,43877,43690,43690,43690,23210,46411,10532,43603,20,0,0,0,0
1090 DATA 0,0,0,0,55892,54682,30582,32735,57343,28125,27579,46811,46550,18,0,0,0,0
1100 DATA 0,0,0,0,9636,11434,19017,16400,36864,42130,38052,19114,9513,181,0,0,0,0
1110 DATA 0,0,0,0,27290,51538,54442,55014,26331,39594,21834,43301,19602,73,0,0,0,0
1120 DATA 0,0,0,0,39524,13142,43861,11606,44469,25941,43701,21850,43349,42,0,0,0,0
1130 DATA 0,0,0,0,25930,19626,21845,21161,18506,43690,21834,10953,21161,82,0,0,0,0
1140 DATA 0,0,0,0,19126,46418,43690,43690,56149,39594,43316,42282,22102,213,0,0,0,0
1150 DATA 0,0,0,0,46409,19094,21845,21845,38569,25940,38571,23126,42153,138,0,0,0,0
1160 DATA 0,0,0,0,19114,21866,43669,43690,26966,10923,21157,18857,10917,309,0,0,0,0
1170 DATA 0,0,0,0,13653,43669,21866,21845,19113,54613,44396,38482,21850,105,0,0,0,0
1180 DATA 0,0,0,0,10921,21845,21845,21845,21845,21845,21845,21845,19029,74,0,0,0,0
1190 DATA 0,0,0,0,21835,43689,43690,43690,43690,43690,43690,43690,46506,690,0,0,0,0
1200 DATA 0,0,0,32768,10932,43691,21845,21845,21845,21845,21845,21845,21074,341,0,0,0,0
1210 DATA 0,0,0,32768,43690,21846,43690,43690,43690,43690,43690,19114,19629,586,0,0,0,0
1220 DATA 0,0,0,0,21835,43689,22229,56155,28086,23387,21845,46421,46418,181,0,0,0,0
1230 DATA 0,0,0,16384,43701,23210,26925,21845,21845,42341,43690,19114,37525,420,0,0,0,0
1240 DATA 0,0,0,16384,38218,42326,38610,43690,43690,23210,21845,21845,44395,842,0,0,0,0
1250 DATA 0,0,0,32768,23221,23209,27309,23253,21845,43693,43690,43690,21140,557,0,0,0,0
1260 DATA 0,0,0,16384,42313,54614,21866,42283,43690,21842,23387,21845,21867,745,0,0,0,0
1270 DATA 0,0,0,40960,22198,9909,43669,28084,55003,46774,42324,43690,43668,1682,0,0,0,0
1280 DATA 0,0,0,16384,39253,27978,28011,21867,13653,51629,23210,21845,21867,2349,0,0,0,0
1290 DATA 0,0,0,40960,54954,43738,21338,43669,43690,44361,54613,43690,43690,1386,0,0,0,0
1300 DATA 0,0,0,40960,19146,21141,39589,28010,21845,23227,10934,21869,21845,2709,0,0,0,0
1310 DATA 0,0,0,24576,21813,28011,46427,51885,44470,54098,54698,56146,21162,1365,0,0,0,0
1320 DATA 0,0,0,36864,43882,39770,26026,23381,27305,46765,44373,9389,44373,2730,0,0,0,0
1330 DATA 0,0,0,24576,21845,45733,44629,46442,21846,9563,10925,56149,21162,5461,0,0,0,0
1340 DATA 0,0,0,20480,27307,27995,22890,51867,44470,56018,54634,43690,44374,682,0,0,0,0
1350 DATA 0,0,0,45056,43860,19306,42715,44470,27476,46765,23370,21869,21161,3413,0,0,0,0
1360 DATA 0,0,0,18432,21867,55957,46762,46441,21677,42331,43701,43858,44470,6826,0,0,0,0
1370 DATA 0,0,0,45056,43862,43738,22870,27285,56171,28082,54637,23222,25941,9557,0,0,0,0
1380 DATA 0,0,0,43008,54452,21942,44469,39798,38612,21846,44458,54605,43690,2730,0,0,0,0
1390 DATA 0,0,0,21504,21931,27941,54955,54698,30006,43693,11093,43737,19798,13653,0,0,0,0
1400 DATA 0,0,0,43008,43866,43738,46426,27309,43883,56793,29294,22187,55989,19114,0,0,0,0
1410 DATA 0,0,0,26624,46245,21933,10965,44373,23244,21803,52649,46422,9546,5461,0,0,0,0
1420 DATA 0,0,0,37888,21942,47957,60845,55002,54965,44470,23405,43737,28085,10923,0,0,0,0
1430 DATA 0,0,0,27648,43865,54490,22122,22955,13659,27349,43611,22182,53933,13658,0,0,0,0
1440 DATA 0,0,0,54272,27302,11691,43739,46774,27498,21867,46546,46429,19818,19154,0,0,0,0
1450 DATA 0,0,0,10752,22877,27445,28053,43861,54997,61110,22190,43881,55957,46390,0,0,0,0
1460 DATA 0,0,0,54272,43882,56022,55990,23258,44379,21930,27317,23255,38253,10965,0,0,0,0
1470 DATA 0,0,0,46592,56021,21866,43885,46509,23222,44397,44397,42650,11690,21801,0,0,0,0
1480 DATA 0,0,0,18944,21654,44461,21929,27499,46549,56021,54986,28010,59995,46518,0,0,0,0
1490 DATA 0,0,0,46336,43885,56149,27990,54869,27434,43867,23389,23253,38357,19114,1,0,0,0
1500 DATA 0,0,0,27136,56537,43706,55997,23278,44407,14006,46443,42331,46762,46421,0,0,0,0
1510 DATA 0,0,0,38144,21846,46443,46546,43866,54698,54634,43738,56746,10605,27309,0,0,0,0
1520 DATA 0,0,0,56064,44470,22230,43863,30421,46813,28077,22357,43885,28058,38323,1,0,0,0
1530 DATA 0,0,0,27136,29865,28077,22189,43691,44373,56022,47790,23125,23381,44365,0,0,0,0
1540 DATA 0,0,0,38272,54999,46426,47834,55158,56170,43866,54645,46554,21101,45786,2,0,0,0
1550 DATA 0,0,0,23168,44378,54966,54709,27866,46519,46773,43946,42669,28074,19251,1,0,0,0
1560 DATA 0,0,0,29952,27317,43877,27478,44459,43866,23254,23895,23899,22235,46765,2,0,0,0
1570 DATA 0,0,0,52608,54630,23982,44731,56173,30390,27501,27501,27061,44373,54634,0,0,0,0
1580 DATA 0,0,0,43584,44717,46426,23253,46421,44469,44461,54965,56234,27318,44373,5,0,0,0
1590 DATA 0,0,0,23360,23221,54709,46442,44475,56022,46426,23254,38487,56173,37558,2,0,0,0
1600 DATA 0,0,0,46464,46422,23403,27575,54998,43866,55029,43866,47866,38226,28074,5,0,0,0
1610 DATA 0,0,0,27328,27499,46765,27994,56173,28013,28075,60779,27466,27309,44373,1,0,0,0
1620 DATA 0,0,0,19744,23341,27355,54965,43701,46518,44374,21933,54967,28086,21211,6,0,0,0
1630 DATA 0,0,0,47808,54453,44466,39787,23894,56149,23226,46773,38100,39786,56116,10,0,0,0
1640 DATA 0,0,0,54976,46938,46766,31446,60379,46811,46573,60891,31661,46413,44389,5,0,0,0
1650 DATA 0,0,0,21920,28075,28013,26029,13915,44397,28309,39597,42678,27317,21165,5,0,0,0
1660 DATA 0,0,0,43616,43702,56021,44918,28086,22235,43899,56181,56666,52662,44506,6,0,0,0
1670 DATA 0,0,0,31648,56749,43950,55981,55021,60854,46806,46507,27373,23405,46677,13,0,0,0
1680 DATA 0,0,0,54608,46490,23925,46811,56154,56170,28074,27486,54699,27306,21931,9,0,0,0
1690 DATA 0,0,0,44768,22235,63195,28086,28087,46815,56189,22389,44893,46813,28090,23,0,0,0
1700 DATA 0,0,0,46512,60854,44470,56173,46829,28085,46807,47787,46443,28085,56171,10,0,0,0
1710 DATA 0,0,0,56144,23382,56173,28086,56155,46810,23405,28125,56045,56150,21850,45,0,0,0
1720 DATA 0,0,0,56168,46765,46811,56173,28086,56175,60854,46966,46939,22253,46771,21,0,0,0
1730 DATA 0,0,0,46768,28122,46811,46813,46829,28085,46811,56027,28086,27995,44507,42,0,0,0
1740 DATA 0,0,0,46800,46797,56173,28086,64347,63342,56182,28086,56173,46518,21846,23,0,0,0
1750 DATA 0,0,0,27352,46811,56173,56173,19894,44763,28397,46811,46811,56245,47786,13,0,0,0
1760 DATA 0,0,0,56752,28118,46811,30445,48879,56045,56758,56246,28086,54891,28149,90,0,0,0
1770 DATA 0,0,0,43864,46765,56173,61142,62298,48566,56157,28013,56027,15214,54939,21,0,0,0
1780 DATA 0,0,0,30440,46811,46957,44477,13,512,8258,46808,46957,46554,38325,54,0,0,0
1790 DATA 0,0,0,28084,56171,28086,56171,21835,8277,1313,56801,28086,27483,31595,77,0,0,0
1800 DATA 0,0,0,56152,46806,56173,48566,25126,19106,21012,27554,56027,46957,43734,21,0,0,0
1810 DATA 0,0,0,23400,56173,60854,30429,9383,18696,34978,56692,44470,55990,28085,59,0,0,0
1820 DATA 0,0,0,60852,28086,46811,60342,43798,37013,45644,47969,56173,44506,22198,85,0,0,0
1830 DATA 0,0,0,56172,56173,28525,44763,56653,59324,45896,27556,30427,30391,60779,54,0,0,0
1840 DATA 0,0,0,46808,46950,56054,56173,10,44838,41835,56676,44470,56173,39638,45,0,0,0
1850 DATA 0,0,0,28084,56047,28077,32187,21159,10402,43306,46824,56173,22234,46509,170,0,0,0
1860 DATA 0,0,0,56170,28074,47067,43885,9293,42157,39273,56161,30427,60855,27498,91,0,0,0
1870 DATA 0,0,0,46812,46957,31421,30647,19083,42922,46028,46949,44470,56173,56685,54,0,0,0
1880 DATA 0,0,0,28084,28087,55147,60790,56102,12420,0,28388,30427,14043,22231,213,0,0,0
1890 DATA 0,0,0,56170,56170,28406,57051,9253,17449,21803,62882,56182,28086,46509,45,0,0,0
1900 DATA 0,0,0,46812,30445,48559,46573,18759,35154,18576,23410,46811,56173,27498,91,0,0,0
1910 DATA 0,0,0,28010,60855,29402,23479,18733,4738,8482,28361,28087,46811,22199,181,0,0,0
1920 DATA 0,0,0,56246,54998,61373,61278,46814,60093,39766,60852,56246,28086,48493,109,0,0,0
1930 DATA 0,0,0,56172,48566,23915,47851,65531,65535,65279,56191,56174,28086,26059,171,0,0,0
1940 DATA 0,0,0,28013,46811,46838,28093,43691,21842,27573,56299,28085,46811,56173,342,0,0,0
1950 DATA 0,0,0,56246,27574,56239,63451,56798,61165,46806,46765,56174,28086,23387,109,0,0,0
1960 DATA 0,0,0,46810,57205,30429,44651,30573,48063,57211,61150,46813,56173,46806,365,0,0,0
1970 DATA 0,0,0,56173,46443,28538,56799,56251,46810,47853,23413,28123,46811,28013,91,0,0,0
1980 DATA 0,0,0,46957,31670,56039,48058,61174,28525,30175,60911,56758,28086,46811,426,0,0,0
1990 DATA 0,0,0,56027,55158,48605,60277,47981,64247,61274,48054,56173,56173,54998,349,0,0,0
2000 DATA 0,0,32768,28084,28395,63419,57071,56799,44510,55031,46941,46811,46813,28077,171,0,0,0
2010 DATA 0,0,32768,46955,27989,43607,14038,56245,57050,47982,30445,56247,28086,23387,437,0,0,0
2020 DATA 0,0,0,55991,56254,57326,60858,46774,30139,46957,44470,28022,56171,60118,854,0,0,0
2030 DATA 0,0,32768,28122,47987,30141,64439,28123,56247,61147,56173,46829,46813,22381,219,0,0,0
2040 DATA 0,0,32768,46957,30423,46771,38765,57213,28534,23995,28091,56795,28086,47835,950,0,0,0
2050 DATA 0,0,32768,56173,55150,56302,32507,62903,46829,48109,48887,48045,46811,28077,685,0,0,0
2060 DATA 0,0,32768,28086,48565,28511,62935,44790,65243,60254,60270,28030,56173,60246,346,0,0,0
2070 DATA 0,0,32768,47981,27387,48569,43886,31597,54719,57083,56794,46805,46811,22253,747,0,0,0
2080 DATA 0,0,32768,30427,63319,60151,57277,47071,44917,28077,48055,56251,28086,46811,941,0,0,0
2090 DATA 0,0,49152,44470,24045,47067,48491,61114,30446,64375,46781,28526,56175,27990,347,0,0,0
2100 DATA 0,0,16384,56173,48058,57006,62430,56181,64365,22510,60907,47853,46837,46829,694,0,0,0
2110 DATA 0,0,49152,32182,63319,31613,44923,48623,45019,48477,24543,62939,28078,55003,1002,0,0,0
2120 DATA 0,0,16384,42315,19050,54739,30421,30557,55991,64443,47802,44983,30573,47963,1325,0,0,0
2130 DATA 0,0,49152,52076,46810,43670,43350,19122,13658,17765,25957,10794,19669,21157,1749,0,0,0
2140 DATA 0,0,16384,32187,31671,56827,57274,46807,46829,57005,44462,54765,43690,44470,682,0,0,0
2150 DATA 0,0,16384,56247,55150,30685,30447,65405,61367,64507,65398,65243,63455,56157,1373,0,0,0
2160 DATA 0,0,16384,56173,61149,61038,46813,54747,46814,43886,10973,21943,23925,46827,1718,0,0,0
2170 DATA 0,0,49152,28086,48635,56765,61302,48055,32237,56759,63419,28542,47835,46813,213,0,0,0
2180 DATA 0,0,32768,46811,27541,48107,23995,61309,55005,32733,56183,47845,55223,28086,987,0,0,0
2190 DATA 0,0,40960,32237,63343,28087,64503,46806,48059,54651,28374,28123,28013,56171,2870,0,0,0
2200 DATA 0,0,49152,60342,44798,63198,46766,32239,28535,48055,48573,47039,46811,46813,365,0,0,0
2210 DATA 0,0,40960,55133,56786,28653,28539,56251,63214,61166,27611,55989,31670,27355,3029,0,0,0
2220 DATA 0,0,49152,48886,30143,55995,65015,63350,56797,24029,56763,32214,55151,56758,686,0,0,0
2230 DATA 0,0,40960,27051,56149,13636,18701,44763,46811,48053,47981,55163,56058,46518,2909,0,0,0
2240 DATA 0,0,40960,46973,48891,0,4224,0,512,8200,33344,2052,24576,43883,745,0,0,0
2250 DATA 0,0,49152,57046,27566,18472,1232,3075,16432,256,5,32800,50180,56158,3510,0,0,0
2260 DATA 0,0,53248,31598,30427,33810,16384,9362,34869,2338,10772,41312,51521,46773,813,0,0,0
2270 DATA 0,0,24576,54715,24445,12296,720,258,20608,32896,16420,514,25984,56171,1782,0,0,0
2280 DATA 0,0,40960,28533,28087,9282,8321,11265,16434,800,6665,4168,49162,46518,2765,0,0,0
2290 DATA 0,0,53248,47982,32219,8,33808,2340,2320,2305,10244,41232,25600,22235,1453,0,0,0
2300 DATA 0,0,24576,30427,27579,9248,1,16384,36940,8228,16673,2,49732,47798,2933,0,0,0
2310 DATA 0,0,53248,28525,22391,130,8776,520,0,0,0,544,49152,27478,5467,0,0,0
2320 DATA 0,0,40960,46523,32109,16384,0,4225,256,4672,1028,36864,49280,55021,1750,0,0,0
2330 DATA 0,0,28672,61165,950,1168,1025,16400,9289,32777,8480,137,17444,44379,3501,0,0,0
2340 DATA 0,0,24576,46807,33499,35104,10540,33060,4644,9252,32897,1026,53768,46518,5466,0,0,0
2350 DATA 0,0,53248,56766,37358,4,16384,2112,0,2114,1040,10501,49217,56246,2805,0,0,0
2360 DATA 0,0,26624,48053,29629,16672,2578,20516,34113,16392,16672,16402,17040,46699,1942,0,0,0
2370 DATA 0,0,45056,27499,875,1216,18695,33064,4626,10512,129,7424,52520,27350,3259,0,0,0
2380 DATA 0,0,24576,57055,439,145,9218,8288,516,8213,34120,38,32768,44509,6869,0,0,0
2390 DATA 0,0,55296,46554,37854,37376,2064,36868,2368,33864,16512,8704,41097,46763,2998,0,0,0
2400 DATA 0,0,45056,60853,362,0,33024,256,8194,4098,1040,2056,17408,56029,5485,0,0,0
2410 DATA 0,0,26624,57199,2493,146,4130,528,0,128,1,129,32784,27499,11947,0,0,0
2420 DATA 0,0,59392,23258,8663,17408,0,36864,4680,17425,8776,16384,34946,44461,2778,0,0,0
2430 DATA 0,0,45056,60909,16826,2313,9252,585,2053,0,0,4680,49152,30390,5595,0,0,0
2440 DATA 0,0,22528,47031,3959,130,37010,33856,37128,41320,5250,8210,33425,44509,11061,0,0,0
2450 DATA 0,0,59392,56666,53230,4608,0,128,8723,16896,516,2200,29698,56171,3766,0,0,0
2460 DATA 0,0,46080,47853,19117,9289,42057,8740,1029,136,37000,24576,57632,46774,13677,0,0,0
2470 DATA 0,0,55296,30646,1915,772,26650,2240,18468,36944,8705,16530,45888,44397,3498,0,0,0
2480 DATA 0,0,45056,55003,36310,4608,16400,32896,39170,33344,2305,1040,24577,56283,6877,0,0,0
2490 DATA 0,0,46080,47837,1467,64,9280,530,20,8228,1572,18500,25634,46427,27498,0,0,0
2500 DATA 0,0,29696,30651,10103,8194,9,1024,4609,264,8320,0,45184,27501,3415,0,0,0
2510 DATA 0,0,55296,44758,1750,2312,0,16449,16416,4096,2,273,24592,44763,14061,0,0,0
2520 DATA 0,0,46080,62829,1981,0,9280,0,1032,32896,0,18432,24578,46517,5546,0,0,0
2530 DATA 0,0,46080,23517,42347,20553,137,18954,128,1041,32,128,41472,56171,23349,0,0,0
2540 DATA 0,0,55296,28522,18167,34848,1280,10281,41425,6406,54452,1606,25684,46767,5494,0,0,0
2550 DATA 0,0,55808,55991,1966,262,34850,256,1024,8194,32800,9216,45186,44404,14029,0,0,0
2560 DATA 0,0,44032,46574,42717,20553,576,9252,16420,17681,8452,129,57616,21979,10971,0,0,0
2570 DATA 0,0,29696,28597,891,18432,386,43013,192,1028,144,9764,17586,61111,11690,0,0,0
2580 DATA 0,0,55808,55899,9958,8340,35104,4104,16976,7171,36864,1024,26624,23402,21869,0,0,0
2590 DATA 0,0,44032,60918,17885,16450,1,4388,1090,18578,8490,8329,57602,56029,23254,0,0,0
2600 DATA 0,0,29696,47019,950,1024,1028,16385,16672,256,128,1024,17444,27483,11099,0,0,0
2610 DATA 0,0,55808,27998,1883,10384,8226,1024,0,0,4096,66,24641,55147,46762,0,0,0
2620 DATA 0,0,43520,46837,62191,3,0,72,4105,8210,18,10368,41224,44253,5485,0,0,0
2630 DATA 0,0,56320,30422,31605,37191,1152,4353,576,256,0,16,49152,48054,27350,0,0,0
2640 DATA 0,0,55808,60846,54254,65510,21071,16932,42002,2084,19073,37506,30373,54635,39770,0,0,0
2650 DATA 0,0,46336,23413,2715,65250,8199,34882,288,8769,8228,65520,57343,46806,14005,0,0,0
2660 DATA 0,0,55808,28086,47995,43878,2342,4360,18564,17416,4368,23393,43354,44461,43366,0,0,0
2670 DATA 0,0,27648,46811,64469,30693,16967,16913,9234,4242,33921,63204,46957,23226,23387,0,0,0
2680 DATA 0,0,27904,56795,18798,56995,4101,33826,288,577,8266,23400,28087,46551,9901,0,0,0
2690 DATA 0,0,46592,27501,56251,60770,9382,10569,37450,9224,4625,56161,56026,27498,46517,0,0,0
2700 DATA 0,0,55808,46774,749,48100,37447,55972,21693,37458,33856,46820,46957,54877,27242,0,0,0
2710 DATA 0,0,44288,56813,438,30432,3,0,2410,132,18570,28064,28087,46827,38605,0,0,0
2720 DATA 0,0,29952,46411,37741,61360,18726,274,16384,9248,273,56178,56026,44502,13750,1,0,0
2730 DATA 0,0,44544,27574,32475,22895,1031,18432,33280,8,4096,46944,22381,55981,26922,0,0,0
2740 DATA 0,0,54528,57213,60854,47031,65533,65535,48639,56277,28086,27851,46251,21850,19893,1,0,0
2750 DATA 0,0,47872,46250,43885,61148,64510,47103,65535,65535,65535,56255,27510,43883,23405,0,0,0
2760 DATA 0,0,54784,27629,57051,56763,22229,27989,27477,46683,42325,46810,47085,46773,45642,0,0,0
2770 DATA 0,0,44288,57142,46518,56181,49006,65467,57087,28142,56251,28085,27803,23259,9653,1,0,0
2780 DATA 0,0,55936,55670,56246,28078,62907,43774,60909,48061,49015,56175,21942,54613,27990,0,0,0
2790 DATA 0,0,46592,27565,28379,48091,56301,32213,46939,30427,46445,46810,61146,43958,55978,0,0,0
2800 DATA 0,0,26880,57051,46518,63165,44894,47023,32511,61303,30446,28091,21867,23211,9653,1,0,0
2810 DATA 0,0,44288,46442,56173,44502,30395,56189,60906,56046,56283,54997,44470,46422,11597,1,0,0
2820 DATA 0,0,20992,27349,28379,56251,48630,61163,56247,47069,46902,56174,56022,43884,23402,0,0,0
2830 DATA 0,0,21504,38189,46420,48469,60333,32222,48575,32443,30459,44475,46509,22197,37461,0,0,0
2840 DATA 0,0,41984,27346,21163,41645,21802,43829,46954,54646,43725,23253,43829,43338,10922,0,0,0
2850 DATA 0,0,10240,22165,43861,22378,56181,54954,18770,9637,44341,42282,19050,19029,42313,0,0,0
2860 DATA 0,0,32768,43304,27988,27989,43723,44245,30429,47963,21354,23253,46501,21930,5270,0,0,0
2870 DATA 0,0,0,0,0,43177,21658,27501,54965,54618,27989,43691,9370,43593,2404,0,0,0
2880 DATA 0,0,0,0,0,0,0,33920,35138,10916,37525,9556,21797,37010,520,0,0,0
2890 DATA 0,0,0,0,0,0,0,0,0,0,0,0,0,0,0,0,0,0
2900 DATA 0,0,0,0,0,0,0,0,0,0,0,0,0,0,0,0,0,0
2910 DATA 0,0,0,0,0,0,0,0,0,0,0,0,0,0,0,0,0,0
2920 DATA 0,0,0,0,0,0,0,0,0,0,0,0,0,0,0,0,0,0

3000 DATA 37449,18724,9362,37449,18724,9362,37154,18724,9362,8777,9361,8738,8738,18722,9362,37449,18724,82
3020 DATA 9362,37449,18724,9362,37449,18724,37444,37412,37412,4388,9353,8738,8738,9361,37449,18724,9362,73
3030 DATA 18724,9362,37449,18724,9362,37449,9362,18761,9362,19017,37458,38036,38036,18724,9362,37449,18724,18
3040 DATA 21065,18725,21842,21833,18725,9362,18724,37394,18724,37010,9348,8521,18761,37450,18724,9362,38229,42
3050 DATA 9362,37450,18724,37418,37448,18724,37449,9380,37449,9508,18729,18978,37410,9360,37449,18724,42130,36
3060 DATA 18724,9361,37449,9540,9365,4681,18725,37522,18724,21650,37458,38036,9364,18725,21650,37449,18724,73
3070 DATA 43593,19108,9362,43177,18720,42130,37448,9252,37449,33060,9348,8481,18721,37448,9508,9362,4681,18
3080 DATA 1170,36905,21796,17701,37462,2340,9361,18761,9362,43593,18728,19018,37450,9362,37449,18724,25938,85
3090 DATA 21156,9874,35145,10824,18721,42130,37450,37412,18724,63634,33938,37000,9364,37450,9362,37449,34954,36
3100 DATA 42025,18724,9362,18581,37450,18724,18576,9362,33937,61192,21066,19026,35106,9360,18724,9362,10833,73
3110 DATA 2706,42057,18724,38178,9364,4681,9509,18761,21028,43474,34961,37156,8776,18725,37449,18724,41610,18
3120 DATA 20772,4754,37449,9364,18721,42130,34884,4624,35145,62052,21028,9362,21541,8778,9362,37449,5204,36
3130 DATA 8777,42057,9364,18721,37450,16932,21138,18762,21010,62618,33929,19012,33416,18576,18725,9362,41633,73
3140 DATA 38034,2340,18721,37450,9364,10385,33833,41508,34980,64532,10578,4393,10533,4645,37448,18724,18698,18
3150 DATA 8484,42129,9364,9361,35105,37444,10564,5265,9481,64773,16900,42050,37448,42312,9362,37449,10836,36
3160 DATA 19017,4676,37449,18724,8778,9362,16914,16970,18514,48963,38056,2344,9361,34853,18724,9362,37025,74
3170 DATA 4242,18729,18722,8778,18577,37449,10568,10529,34081,65425,8770,21061,34890,21128,9362,37449,9492,17
3180 DATA 18980,9282,33865,18576,4644,18706,37410,37012,43156,28480,18729,33928,9488,35106,37156,18724,21666,42
3190 DATA 42121,18580,20754,9482,18761,33953,17556,17672,50466,32736,9362,20773,37450,9364,9289,9362,35081,68
3200 DATA 4690,34081,9380,34977,37412,21012,10530,10405,26692,31720,37129,9288,18577,37410,35088,37448,21076,18
3210 DATA 18561,20628,35080,20756,9362,34978,33352,34056,12946,49136,17572,4754,8778,8521,21066,8482,33954,36
3220 DATA 34090,35362,21074,33954,37128,9476,10514,10321,12841,16122,10513,17481,35105,37924,35108,18964,10505,73
3230 DATA 10312,9364,1156,10505,17573,18514,17481,17034,10564,24572,16970,10532,9354,8850,9361,4257,21074,18
3240 DATA 17042,37153,43090,17572,10512,1353,10530,37969,6674,45053,5264,16913,18513,17441,37130,42260,33924,36
3250 DATA 37897,9364,17033,37448,33354,21008,16969,8836,6308,8126,41253,10564,4740,37514,17568,2210,10537,73
3260 DATA 8866,37410,10512,9253,10532,37194,10532,37929,39490,44031,5268,16937,42025,9296,4682,42249,21072,18
3270 DATA 37961,17476,4682,37521,17474,9361,16914,8850,3369,6127,18721,10562,2370,18565,18705,18596,33930,36
3280 DATA 17042,4754,17553,18500,4392,37410,10568,17481,52370,22015,8778,33833,21012,9512,9290,4361,10513,73
3290 DATA 10313,18505,37154,34066,18962,17481,4642,43298,52292,42495,38036,10564,33953,34962,17040,19026,21066,18
3300 DATA 17698,9508,9289,20644,37188,4756,17481,4681,60713,2750,16929,16904,20756,8772,10277,37153,33936,36
3310 DATA 34953,37000,18724,9481,8745,18498,37522,42132,46656,21239,5194,38053,33954,18706,37512,9364,21066,73
3320 DATA 4644,2597,8722,34850,37952,9480,9289,2337,64661,42175,41252,8520,10500,4644,17445,16930,2193,18
3330 DATA 42129,41104,35144,9544,16682,36946,18724,21066,64802,2735,5257,35345,37032,41288,4752,10377,21026,37
3340 DATA 586,19013,9250,16933,5265,2697,9361,42121,65172,20565,8786,20554,18949,5125,9290,37458,17556,72
3350 DATA 43297,4232,37513,10384,8772,42018,37444,4788,22049,43819,17583,1313,8528,18768,18721,17537,10528,37
3360 DATA 4228,9490,2082,33346,18706,4425,18706,18431,48458,32586,5119,43156,38026,1162,4228,4372,16917,18
3370 DATA 18985,18593,41620,10516,1092,41476,58532,44527,41491,32234,22525,16961,528,20752,18985,18985,35138,72
3380 DATA 1090,33300,17474,16930,20625,2385,63753,24509,21887,55165,14190,5162,43173,17482,8514,8514,9257,37
3390 DATA 20777,21665,10376,5192,35402,42052,48804,23403,54751,60911,65021,8832,16962,10528,35369,17416,37508,16
3400 DATA 33924,33044,34066,41106,9248,18706,28434,63149,32762,37173,30634,18517,5161,33941,4164,4773,18513,74
3410 DATA 21073,21570,20552,5380,17045,4644,48033,41218,38573,43692,44765,1315,8836,20546,19080,18568,1284,33
3420 DATA 2306,297,2705,18513,10304,41281,12244,0,18811,10773,64373,20619,18513,34089,36946,8738,20649,20
3430 DATA 41129,21632,40994,33412,34058,2580,2802,1152,4628,21157,55251,35374,1284,10372,9508,17556,34050,66
3440 DATA 2564,8746,5444,5202,20560,20808,1001,8256,42089,21834,64173,8347,20562,37137,34962,34882,10280,20
3450 DATA 20817,34881,16402,41224,2698,33829,692,2120,27304,43601,22379,38207,2696,17570,8772,9480,17730,33
3460 DATA 1058,8852,10916,2597,20512,21136,33018,33024,38052,27284,61149,16571,40994,37396,18728,37029,4116,74
3470 DATA 21129,37921,32776,20544,2709,9221,94,4128,11712,55973,56795,2654,5444,18753,9282,8720,19106,17
3480 DATA 2084,16522,10914,650,41026,37544,8246,16932,42261,46932,46902,20501,16401,9236,35113,33858,8456,68
3490 DATA 41617,5392,17417,21584,5385,17474,2143,4240,6944,60117,48618,1366,10914,17057,4242,21140,33954,18
3500 DATA 2052,8261,37028,258,16464,10516,13,33824,54596,23978,28543,43051,32772,10500,19012,2081,21001,72
3510 DATA 9553,35472,1280,21588,35461,17568,23,8201,46226,60282,48890,642,10921,16552,8457,8842,2212,17
3520 DATA 16386,4133,43093,128,20520,51466,16911,35144,27304,55973,30047,21589,16384,10821,33874,18464,20737,34
3530 DATA 10921,41608,640,43605,642,37457,4101,8200,39234,63197,23541,33026,10922,36880,10368,1354,33364,4
3540 DATA 33028,1058,10282,16648,21524,58500,131,17698,21845,44475,27582,10793,33792,1354,16661,20496,5153,41
3550 DATA 5201,43144,16704,5157,32929,18514,32779,10244,27304,55253,23295,32834,4778,10272,35360,1346,8842,64
3560 DATA 41092,290,2581,8512,21770,58632,9221,16724,21077,15871,48621,10900,40960,17034,4245,20500,18464,21
3570 DATA 1297,10756,20640,17429,2080,53841,65,10754,21842,61437,24251,16416,1365,5200,41536,34114,4746,34
3580 DATA 43042,16552,517,34976,42314,58500,37378,18596,54613,61421,11950,2709,43136,16642,5141,10248,17424,8
3590 DATA 324,5377,21672,9477,16,59689,129,9490,60074,61183,39295,20488,597,5204,16704,16721,37541,34
3600 DATA 43529,41044,2,36946,21834,29250,18449,18501,32085,61439,9686,2725,43008,16514,2581,2562,8,68
3610 DATA 162,1282,43688,17672,8736,59689,512,37522,65196,61405,38783,41232,682,5416,20640,20820,43681,40
3620 DATA 21768,43048,2,34849,18570,46148,20642,43553,63402,65023,10107,1061,21508,16453,33285,1024,10,1
3630 DATA 32849,322,10920,21130,37152,61714,1028,42133,32726,55295,19326,43336,338,5392,5288,20821,43680,84
3640 DATA 5378,43528,16386,1056,9365,43552,20661,10529,65525,64989,38879,530,43520,16418,8705,33280,10,2
3650 DATA 41044,162,35496,20618,37448,20810,34121,21844,56831,61439,8826,43332,170,5449,18602,5205,43680,40
3660 DATA 1281,43528,4098,34080,18722,43524,21138,19081,65535,23421,38573,16402,21760,41476,8704,41088,10,1
3670 DATA 20564,161,41640,10250,33300,59560,19818,53842,32699,61167,19447,5448,85,2385,34986,1322,10912,42
3680 DATA 2305,20996,2050,17056,10561,29957,43653,60052,56319,32703,9949,8741,43656,40964,8704,20480,16389,0
3690 DATA 8340,2217,8521,2053,17450,62544,46352,64165,65278,63483,35775,18576,37,5456,34986,682,5456,85
3700 DATA 35393,16896,17440,20816,34945,47754,26660,64853,44887,24319,22525,4362,21826,16389,8704,21504,16389,0
3710 DATA 8212,2218,2181,2565,20756,28964,17729,22363,65533,63423,9149,42145,40,38224,34986,340,5456,21
3720 DATA 34113,8704,8720,41040,8736,31305,43284,65014,65463,65006,22381,4682,43665,2,8704,41986,16388,32
3730 DATA 4100,34962,18594,2693,37957,59682,9378,65449,48125,65535,34299,18576,10,21844,34901,4240,5458,5
3740 DATA 41553,8736,516,9232,8840,29832,18697,32746,65535,48127,10911,33317,43680,0,8832,16964,16384,80
3750 DATA 2308,32906,10320,16545,18513,63781,43600,61434,32731,61311,44919,5268,10,21845,2069,5137,5461,5
3760 DATA 8273,5152,33026,5380,34058,27208,21157,48125,61183,64475,6125,41289,21840,0,16544,16708,16384,16
3770 DATA 34052,41226,10792,41000,20768,62610,21780,65279,65535,65534,45019,2578,133,21845,5381,1041,4693,69
3780 DATA 4129,1088,32898,1346,33941,26916,43337,61375,65501,46591,20351,9380,21800,0,16424,20612,16640,16
3790 DATA 17544,37129,4648,10248,10304,62793,43602,65527,48127,57279,39901,18760,69,21845,2689,545,5193,65
3800 DATA 4129,17444,16512,17058,17685,62610,60074,64511,65279,27133,16255,37,21776,512,8212,10376,16674,20
3810 DATA 17028,4418,5157,2056,10528,59689,64165,32509,65463,65519,49022,21832,32805,10410,35137,16930,5128,1
3820 DATA 2065,17,16656,20769,17477,53826,64170,65471,57343,61181,16123,533,21833,33040,8712,2056,16545,84
3830 DATA 8772,21636,1093,1156,34952,62612,48469,57327,65535,65471,48623,43336,528,5189,32930,8512,2570,1
3840 DATA 35089,528,20736,20497,20753,43298,65173,65535,64445,57339,23483,1106,21570,16648,5128,17418,8480,36
3850 DATA 8256,36930,84,1348,35364,57876,65387,65021,32751,65007,55919,20773,8341,5157,16673,2208,34953,0
3860 DATA 33290,1160,10754,8209,8513,60065,61397,57311,57343,49149,44027,35403,38184,16704,5252,8709,8738,42
3870 DATA 10401,41488,32912,35392,18964,21642,32727,65535,63229,63359,53238,9367,66,1034,16401,32912,34816,0
3880 DATA 520,2117,4612,8202,37024,58708,65003,65279,65535,65527,61421,18727,21801,20816,2372,5186,8874,18
3890 DATA 36930,8448,16545,4768,9477,51745,65535,30651,32735,48127,27518,4695,33298,2,8208,16649,2048,64
3900 DATA 2312,1108,5124,18437,21672,43338,30710,65535,62975,57215,65519,41706,10404,43668,2690,9248,16677,21
3910 DATA 8225,20481,16529,33360,33058,37546,57215,65535,49147,47095,47071,38391,33034,64,16424,137,4624,0
3920 DATA 33412,1352,4608,10242,10820,42257,61439,48111,65215,65023,56319,9687,10832,37394,2304,43552,34884,36
3930 DATA 10257,8192,34901,17064,18729,21578,56303,65275,65535,24510,46555,18943,32901,136,8266,5,8448,16
3940 DATA 576,1173,256,4096,37442,8868,44797,65534,61403,65519,19455,37815,5416,21538,512,9360,33877,2
3950 DATA 4106,36864,21540,17557,9364,38025,20478,57339,64511,65019,43709,9455,40997,256,43177,260,4352,72
3960 DATA 17568,681,128,37376,19016,10578,12223,63453,32511,65407,49847,18943,3016,9258,4,43040,16420,2
3970 DATA 4105,43008,37386,164,37009,16932,20474,65258,65526,57327,43359,37501,22514,32896,9504,1157,5248,40
3980 DATA 33344,548,160,10752,10826,23189,39933,65460,65535,65533,33325,9455,3773,2597,2,16400,16394,1
3990 DATA 2069,8320,21506,32853,16656,33966,24314,65225,28607,32511,59735,19135,24350,41088,43592,2372,4768,68
4000 DATA 41600,33802,72,9472,37957,10562,40890,46482,64495,63423,53285,37039,7750,2090,32,40960,4,17
4010 DATA 36,4384,17664,4178,18696,42243,16372,60709,65531,24559,58005,9533,49047,16640,37130,1172,9360,0
4020 DATA 37377,16392,4178,16896,4177,19017,32757,60072,61438,47101,62498,21599,8011,1060,1088,36864,32772,36
4030 DATA 72,2626,33288,2196,42242,5921,63466,38037,32511,11775,59716,35119,49059,20608,8201,1353,5408,0
4040 DATA 10498,16400,2114,40962,2088,19531,65001,43298,65018,19327,47625,53838,14309,554,2336,8192,16393,21
4050 DATA 32784,1156,41232,2720,42306,40789,65490,43595,65462,4853,64850,35483,40937,18432,16386,554,576,0
4060 DATA 4673,20512,2049,16388,53256,24571,65492,2815,56169,19119,65269,53543,16343,658,4776,18560,10245,34
4070 DATA 16388,258,33060,4368,41633,16383,57161,32767,65514,62815,65503,59989,36343,36928,32770,4,33104,0
4080 DATA 1360,9288,9216,1090,62468,31727,64466,65502,65535,65533,56829,57483,24567,532,4640,9360,2049,20
4090 DATA 36865,32768,74,40968,63632,65407,65316,65535,31679,65279,65535,47698,3069,10369,16393,1,8740,1
4100 DATA 1060,2378,18688,578,55810,57338,65097,63223,65517,28607,64507,64805,12223,36,2368,19108,128,16
4110 DATA 8320,8192,145,18448,30888,65524,61075,49150,57343,65519,48863,65352,22271,21121,8210,0,9225,1
4120 DATA 33289,548,37892,130,63489,63357,64815,65535,65023,65531,32767,60821,3855,40,33280,18452,288,36
4130 DATA 2080,18560,288,4616,61732,24559,64093,64991,65407,31743,47095,65506,38878,38144,2194,320,18434,0
4140 DATA 8322,9,8201,16545,29696,49151,54448,57341,49133,65279,24575,65528,9135,74,8192,9225,584,73
4150 DATA 520,18720,2624,1032,57673,32255,62187,65535,61439,57279,14205,57341,38887,20992,594,32896,8192,0
4160 DATA 18465,2,16402,20610,18432,65467,54657,64991,64511,65517,22527,64383,2813,170,18432,9234,1170,9
4170 DATA 136,37448,4224,1040,20626,61421,22295,57335,49085,65535,38383,65535,42431,18944,138,64,8192,32
4180 DATA 37378,0,33316,32900,41472,65490,56495,65534,25983,63485,60414,32751,2815,37,37408,35076,2340,9
4190 DATA 32,9362,4097,4640,18516,31317,47423,65021,31471,65267,64191,61435,42351,37520,4,8208,16384,0
4200 DATA 9348,0,33352,16388,8450,64853,58111,49014,64251,49084,64891,64383,2490,2,37440,580,585,36
4210 DATA 32801,18724,4098,2336,33808,58708,34299,63451,64511,61438,32599,49151,42346,21672,9,2048,34816,0
4220 DATA 4608,0,33056,20484,4421,43336,22399,44399,49151,24575,57301,45055,2218,513,18720,16658,8338,8
4230 DATA 32836,37156,9224,1312,16400,10789,8157,43868,65503,47071,65514,43447,21850,146,9,4096,512,2
4240 DATA 1040,1024,64,16386,2690,54400,65534,51570,65018,19959,64509,22271,41557,21512,37440,584,34833,32
4250 DATA 8449,73,35081,2192,8200,20757,32745,37609,61439,44029,65530,43710,5290,289,18,16384,64,8
4260 DATA 72,8704,8192,41472,2338,17472,60917,42883,57308,38399,57214,10927,41233,8196,8448,1058,37124,0
4270 DATA 9216,145,1169,146,16384,37129,65450,11871,61183,58743,63487,19115,19018,2642,1057,4360,1057,4
4280 DATA 34,18436,32768,9216,4777,9248,65194,22879,65492,59887,65503,42157,10916,16385,16648,16386,16384,32
4290 DATA 18696,512,4388,264,32772,34954,48468,62839,26538,64171,32759,2389,17481,2388,4160,1088,580,2
4300 DATA 2,32930,0,36929,5184,8480,60240,43773,44373,32343,24063,20779,10898,32769,1028,17,4097,16
4310 DATA 8768,4096,9352,1040,16644,35397,59978,22527,27467,65429,28671,33941,20820,4650,16528,18688,16528,2
4320 DATA 8,521,32769,8452,2065,8232,43684,45055,21678,61413,23419,43557,35402,32900,1028,68,1024,32
4330 DATA 18561,4128,9360,64,8512,35457,21522,64989,42298,64490,22014,4233,21649,9233,4160,4097,8457,4
4340 DATA 16,16512,2,17426,1042,8228,43332,65526,18679,65276,22207,18978,2346,290,530,272,32,1
4350 DATA 2308,1033,37408,4352,41216,17552,20497,57341,43999,65518,38255,21652,21157,32777,8192,9220,17410,16
4360 DATA 8256,8256,4,32840,2084,4610,35490,64426,19455,48787,10927,8457,38034,4644,33344,32832,4160,0
4370 DATA 1041,530,4673,8706,33024,41128,20500,65389,57342,61349,17749,19026,18729,128,2066,2064,264,34
4380 DATA 33024,4096,16400,2080,2066,2562,19009,64938,32631,64488,4693,38021,37444,18474,8448,258,34818,0
4390 DATA 4164,1088,2308,33033,41536,20648,37140,56148,38911,32730,18581,8490,9385,128,66,36864,544,8
4400 DATA 16,16402,16448,2112,2052,34050,1090,62793,12287,24565,41557,18960,18706,37413,17424,548,16384,0
4410 DATA 8705,256,4113,8708,41617,10280,20744,21845,17851,22271,1029,37189,4772,8,0,129,4164,34
4420 DATA 32832,2056,1280,33,2048,17730,33825,54564,53758,44030,21162,10770,42057,9282,2338,18432,512,0
4430 DATA 9220,8256,66,18560,41554,2320,4426,43593,54334,43775,2050,16708,19090,260,16392,8,32785,8
4440 DATA 272,514,8200,530,2052,20642,41984,43154,62805,23279,17060,43537,4388,18449,514,578,2176,0
4450 DATA 2,16400,33280,36864,8480,42244,2218,9514,64143,19451,2313,2368,17481,68,4160,36864,16388,36
4460 DATA 18496,2176,4241,1168,35346,2216,20992,21073,65187,6142,37026,21012,658,18689,32784,1040,544,0
4470 DATA 520,2,0,8196,64,21057,8341,42122,65448,24447,2568,42146,10276,16,2305,128,4096,1
4480 DATA 32770,4368,33826,32832,20756,33940,18976,31017,49109,49151,41122,2184,33417,4676,68,8194,137,16
4490 DATA 4384,32768,8448,2576,1024,10496,4234,2626,61434,65519,1280,42274,9252,16384,8192,528,17408,4
4500 DATA 0,1092,8,16388,32850,41556,19024,22357,48125,65023,20567,4680,129,1161,2312,132,32,0
4510 DATA 17426,8192,2114,257,4352,2176,20741,18834,44927,61310,1295,18562,18986,36896,66,36865,516,1
4520 DATA 128,272,512,36928,36,21033,33832,58596,21487,65517,36927,37456,128,514,16384,1024,4224,16
4530 DATA 4096,34817,16520,16,8704,33920,43330,59962,44287,32762,763,9348,36885,8328,1040,144,32,4
4540 DATA 530,136,0,1028,73,4117,38164,62604,43710,57298,37375,18704,576,2048,260,16388,16386,0
4550 DATA 128,8194,9234,8192,17408,42304,8354,65363,2735,64341,1983,33860,8210,544,8193,1025,1024,0
4560 DATA 36896,1088,64,129,4368,2068,54536,65186,8875,65364,12271,4353,2048,2,64,64,32840,36
4570 DATA 2,32784,256,33808,4,41281,42066,57300,35146,64680,16381,8208,585,16400,1040,36880,2048,0
4580 DATA 528,2048,18468,8192,17472,2568,14980,63465,42,27298,65023,2626,32768,1152,8192,514,256,0
4590 DATA 36864,260,0,2114,4352,41121,17704,48638,35154,60032,65535,16389,4130,4,258,0,8210,9
4600 DATA 130,8256,1153,528,16457,46084,43842,24570,8197,38164,61407,4399,264,36864,32832,4160,2048,0
4610 DATA 1040,2064,8200,0,1024,65296,18677,42879,2602,43009,65014,33919,34816,288,2064,33800,576,0
4620 DATA 8192,513,32,16385,37124,22338,62815,23551,8256,21160,65533,12285,66,8,0,256,8,17
4630 DATA 130,32776,2304,2184,16,2440,59904,43743,2698,8193,49138,65503,517,2050,8193,65,16384,0
4640 DATA 2064,8258,16388,0,21057,42434,64874,21883,16528,33316,61140,49279,36943,16896,2320,16400,4226,0
4650 DATA 33280,512,4128,16930,16,720,32656,2719,4612,2176,65445,10935,30,64,0,4096,32,36
4660 DATA 4,0,264,0,37380,43396,65494,9399,145,16405,65096,17661,2335,0,4,1026,1024,0
4670 DATA 8256,18576,2050,2048,128,19168,57321,341,9216,256,31378,22015,93,4100,17472,64,32772,0
4680 DATA 1024,4,16896,32914,9248,21890,65018,19030,290,2081,62624,56319,16447,33056,0,16,8321,0
4690 DATA 18,513,32,8192,32776,43984,49149,37013,4096,16904,58632,32703,4639,0,8,4100,2080,36
4700 DATA 256,8256,1,1024,2304,32640,44991,554,33348,128,34945,61431,151,2050,9344,512,0,0
4710 DATA 4096,2064,9352,137,16450,65412,44031,21650,16,4100,21024,65534,31,33312,0,32769,0,0
4720 DATA 32776,0,0,0,4096,61344,22519,5,18433,1056,43010,65278,32813,0,8,8256,16648,4
4730 DATA 578,33028,0,8192,528,64265,22269,4752,132,16640,32784,61420,2311,8,128,1040,2112,0
4740 DATA 0,4160,37448,548,16386,54912,35775,32770,32,9,8452,32765,85,4352,18433,4,0,32
4750 DATA 36864,0,0,32768,1088,54304,5119,4424,9216,4096,2049,65278,32789,0,16,0,2,1
4760 DATA 1040,520,1,4096,4096,58626,9726,1,260,288,33312,61374,8194,32,256,8448,8224,0
4770 DATA 130,8320,9360,1089,32784,59664,1519,9252,65,18441,0,32760,1029,17416,32772,64,512,8
4780 DATA 0,33,0,8,260,54336,8959,1,4096,0,132,32756,289,0,2048,2056,2,0
4790 DATA 8224,2048,2,0,2049,49156,2427,128,16,256,18465,48616,0,258,544,32768,4160,1
4800 DATA 1028,32776,37440,16640,16384,33280,639,18440,16900,18500,0,28581,32768,8192,2,1,16,32
4810 DATA 256,8448,16,4164,576,37008,16542,2,128,0,4352,38184,4104,64,16384,576,1024,8
4820 DATA 0,65,0,0,0,32770,676,576,4097,0,36,10832,128,2048,64,8208,0,2
4830 DATA 8210,2064,9216,0,8200,32768,42,8192,16,8721,513,37505,0,16,1026,0,16642,0
4840 DATA 256,0,273,2,2048,2048,8529,2057,512,0,4224,9512,1056,32770,0,0,32,0
4850 DATA 0,16388,0,35088,128,72,10,576,8322,128,8,2048,16392,8448,8224,16898,0,0
4860 DATA 34884,1152,32768,0,32,16385,16,0,0,4100,32769,256,0,0,512,32,4096,32
4870 DATA 0,0,4128,0,8,1024,9280,32770,32,1,1056,4,2,64,0,4096,1028,9
4880 DATA 0,8208,516,0,8194,0,4,4240,2048,16896,256,8256,512,2056,8,8,64,0
4890 DATA 8466,516,0,17476,1024,64,0,0,0,64,16388,0,8192,2,4096,513,0,0
4900 DATA 0,0,1,1,0,32784,37120,1024,516,16,0,0,64,0,129,0,0,0
4910 DATA 0,4224,16512,0,0,4100,64,68,32897,8192,32,1028,16,0,0,32768,32776,0
4920 DATA 33824,0,4128,0,256,1025,0,0,0,2048,514,33025,0,16896,0,128,4352,0