0 REM *********************
    1 REM * Originally shared *
    2 REM *    by CJBaird     *
    3 REM *********************
    4 REM http://kildall.apana.org.au/~cjb/sj.applesoft
    5 REM
    10 HGR2
    20 X%=0:Y%=0:C%=3
    30 HCOLOR=C%:READP%
    40 IFP%=0THENC%=3-C%:GOTO30
    50 HPLOTX%,Y%
    60 P%=P%-1
    70 X%=X%+1:IF X%<280THEN40
    80 X%=0:Y%=Y%+1:IFY%<192THEN40
    90 PRINTCHR$(7);CHR$(7)
    100 GOTO 100
    999 :
    1000 DATA 970,6,1,1,270,3,1,1,2,8,262,1,1,3
    1001 DATA 1,4,1,11,255,27,249,34,244,39,239
    1002 DATA 43,235,46,233,49,228,53,226,56
    1003 DATA 223,58,220,61,218,63,216,30,1,34
    1004 DATA 214,22,1,10,1,33,211,21,1,4,1,8,1
    1005 DATA 3,1,30,209,17,2,2,1,11,1,1,1,36
    1006 DATA 208,13,1,4,1,3,1,3,1,1,1,1,1,2,1
    1007 DATA 2,1,1,1,1,1,12,1,19,206,13,1,2,1
    1008 DATA 3,1,4,1,9,1,2,1,1,1,1,1,3,1,6,1,2
    1009 DATA 1,18,205,13,1,1,1,1,2,2,1,5,1,2,1
    1010 DATA 1,1,2,1,1,1,1,1,1,1,1,1,2,1,1,1,8
    1011 DATA 1,18,203,12,1,1,1,1,1,1,1,1,1,3,1
    1012 DATA 1,1,2,1,2,1,6,1,2,1,1,1,3,1,1,1,1
    1013 DATA 1,1,1,1,1,3,1,16,202,13,1,1,1,1,1
    1014 DATA 1,1,1,1,1,1,1,1,1,1,3,1,2,2,1,1,3
    1015 DATA 1,3,2,1,1,1,1,1,1,1,1,2,1,1,1,3,1
    1016 DATA 15,200,12,1,1,1,1,3,1,2,1,1,3,1,2
    1017 DATA 2,1,1,1,1,1,1,1,1,2,1,5,1,1,1,1,1
    1018 DATA 1,1,2,1,2,1,1,1,18,199,13,3,2,1,1
    1019 DATA 2,1,1,1,1,1,2,3,1,1,1,1,3,1,1,2,1
    1020 DATA 1,1,1,1,2,1,1,1,1,2,1,1,1,1,1,1,1
    1021 DATA 1,17,198,12,5,1,3,1,2,1,1,1,1,1,1
    1022 DATA 1,2,1,1,1,5,1,1,1,1,1,1,1,1,2,1,2
    1023 DATA 1,2,1,1,1,2,1,2,1,16,197,13,5,1,1
    1024 DATA 1,2,1,3,1,1,2,1,1,5,1,4,1,2,2,1,1
    1025 DATA 1,2,1,1,1,1,1,1,1,1,1,1,1,1,1,1,1
    1026 DATA 17,195,11,3,1,6,1,3,1,2,1,2,1,1,1
    1027 DATA 5,1,4,1,1,1,1,1,1,1,2,1,1,1,1,1,1
    1028 DATA 1,1,1,1,22,194,12,3,1,8,1,2,1,1,1
    1029 DATA 5,1,13,1,1,3,1,1,1,1,1,1,1,1,1,1
    1030 DATA 2,1,1,18,194,11,1,1,9,1,4,1,8,1
    1031 DATA 12,1,3,2,1,1,1,1,1,1,1,1,1,23,192
    1032 DATA 13,1,1,8,1,7,1,19,2,3,1,2,1,1,1,1
    1033 DATA 1,1,1,1,1,1,20,190,12,14,1,27,1,1
    1034 DATA 1,1,1,1,1,1,1,1,1,1,5,1,18,190,13
    1035 DATA 8,1,1,1,24,1,5,1,1,1,2,1,1,1,1,1
    1036 DATA 1,1,1,1,1,2,1,19,189,11,16,1,29,1
    1037 DATA 2,2,1,1,1,1,1,3,1,20,188,13,2,1
    1038 DATA 40,1,6,1,1,1,1,1,2,2,1,20,186,12
    1039 DATA 1,1,45,1,4,1,2,1,1,2,1,23,185,13
    1040 DATA 1,1,44,1,2,1,1,1,1,1,1,1,1,1,1,1
    1041 DATA 1,21,186,11,54,1,2,1,1,3,1,1,1,18
    1042 DATA 186,12,1,1,47,1,5,1,1,1,2,23,184
    1043 DATA 11,53,1,2,1,2,1,1,1,1,23,182,14
    1044 DATA 54,1,1,1,1,2,1,24,180,13,53,1,4,1
    1045 DATA 1,27,180,15,52,1,1,1,1,1,2,1,1,24
    1046 DATA 181,12,55,1,2,1,1,26,181,14,55,1
    1047 DATA 1,1,1,1,1,24,181,13,54,1,4,1,1,26
    1048 DATA 180,2,1,11,54,1,1,1,1,1,1,1,1,24
    1049 DATA 180,1,1,1,1,9,52,1,4,1,1,1,1,26
    1050 DATA 181,13,52,1,1,1,1,1,1,1,1,1,1,24
    1051 DATA 181,2,1,9,52,1,1,1,2,1,1,3,1,4,1
    1052 DATA 19,181,10,1,3,50,1,2,1,1,1,1,2,1
    1053 DATA 26,180,2,1,9,53,2,1,1,1,1,1,1,1,3
    1054 DATA 1,21,181,14,52,1,2,1,1,1,1,1,1,2
    1055 DATA 1,21,181,3,1,8,52,1,1,1,1,1,1,1,1
    1056 DATA 1,1,1,1,1,1,12,1,9,180,2,1,1,1,3
    1057 DATA 1,5,51,1,1,1,1,1,2,1,1,1,1,1,1,21
    1058 DATA 181,1,1,1,1,4,1,3,1,1,50,1,3,1,1
    1059 DATA 1,1,1,1,2,1,1,1,12,1,8,180,1,1,1
    1060 DATA 1,4,1,3,1,1,1,1,56,1,2,1,1,1,1,21
    1061 DATA 180,3,1,4,1,2,1,1,1,1,54,1,1,1,1
    1062 DATA 1,1,1,1,12,1,10,181,1,1,5,2,1,1,1
    1063 DATA 1,1,49,1,1,1,3,1,2,1,1,1,2,11,1
    1064 DATA 10,179,2,1,4,1,1,1,1,1,1,1,1,55,1
    1065 DATA 1,1,2,1,1,14,1,1,1,7,179,1,1,5,1
    1066 DATA 2,1,1,2,1,1,1,2,1,52,1,6,23,177,1
    1067 DATA 1,1,3,2,1,1,4,2,5,1,48,1,1,1,4,3
    1068 DATA 1,11,1,10,178,4,2,1,1,1,1,1,3,1,2
    1069 DATA 1,51,1,2,1,1,1,2,1,1,1,1,11,1,8
    1070 DATA 179,1,1,1,1,2,2,1,4,2,56,1,3,1,1
    1071 DATA 1,1,22,1,3,173,6,1,2,1,1,1,1,1,3
    1072 DATA 61,1,1,1,1,1,1,11,1,12,171,4,1,1
    1073 DATA 1,2,1,1,1,1,1,2,1,1,56,1,1,1,1,1
    1074 DATA 1,1,1,1,1,25,170,1,1,5,1,6,2,1,1
    1075 DATA 1,61,1,2,1,1,1,1,24,169,4,2,4,1,1
    1076 DATA 2,3,57,1,2,1,4,1,1,1,1,25,169,5,1
    1077 DATA 7,2,2,1,1,53,1,2,1,9,1,1,24,169,5
    1078 DATA 1,3,1,2,1,3,2,1,54,1,9,1,1,26,169
    1079 DATA 4,1,1,1,5,2,3,53,1,2,1,8,1,1,1,1
    1080 DATA 2,1,22,169,4,2,6,1,3,1,1,3,5,1,1
    1081 DATA 1,1,39,1,6,1,3,31,170,2,1,1,2,1,1
    1082 DATA 4,1,2,5,1,1,7,1,1,42,1,1,3,2,3,1
    1083 DATA 1,1,24,169,4,1,4,2,4,7,1,1,8,20,1
    1084 DATA 14,1,1,1,1,3,1,2,1,2,1,1,1,28,170
    1085 DATA 2,5,2,1,5,3,2,1,2,1,14,13,1,16,42
    1086 DATA 169,3,1,1,2,1,1,6,4,1,1,1,2,1,1
    1087 DATA 16,1,1,6,1,1,1,8,1,1,1,1,8,3,1,6
    1088 DATA 27,171,2,2,1,3,1,1,5,5,2,6,2,10,4
    1089 DATA 1,1,3,1,1,1,3,1,6,1,2,5,1,11,2,25
    1090 DATA 171,2,1,1,1,1,1,2,1,2,1,2,4,1,11
    1091 DATA 10,1,6,1,1,8,1,1,1,1,6,1,15,2,23
    1092 DATA 172,15,4,1,3,2,3,1,1,1,1,10,1,6
    1093 DATA 10,7,1,18,1,21,172,11,1,1,1,2,5,1
    1094 DATA 1,2,2,18,1,2,10,15,1,13,1,20,173
    1095 DATA 10,1,1,2,2,6,1,2,6,1,1,2,4,1,4,1
    1096 DATA 3,11,5,1,4,1,2,1,5,1,8,1,19,173,9
    1097 DATA 1,1,3,1,1,1,3,1,3,5,3,8,1,4,2,1,9
    1098 DATA 1,1,9,3,36,174,5,2,3,4,1,1,1,3,1
    1099 DATA 2,5,3,7,1,6,1,1,9,1,1,11,2,5,2,9
    1100 DATA 1,18,174,4,4,1,5,1,4,1,2,2,9,3,2
    1101 DATA 1,1,3,2,1,1,1,10,11,3,2,2,2,1,27
    1102 DATA 175,5,2,2,1,1,3,1,6,2,14,1,1,1,1
    1103 DATA 1,2,1,9,13,1,1,4,1,2,1,1,9,1,2,1
    1104 DATA 14,173,6,3,1,1,1,4,1,18,2,1,1,1,1
    1105 DATA 2,1,5,2,6,9,2,1,2,3,1,6,1,25,176
    1106 DATA 4,2,1,1,1,4,2,2,1,21,1,3,1,1,2,9
    1107 DATA 2,1,5,15,4,2,19,175,5,2,1,2,1,3,2
    1108 DATA 1,1,2,1,17,3,2,1,2,1,9,1,1,3,1,4
    1109 DATA 12,5,1,1,2,18,176,4,2,2,1,1,6,2,1
    1110 DATA 1,18,2,4,2,10,3,2,6,11,1,1,3,1,4
    1111 DATA 1,15,174,1,2,3,3,1,9,3,15,1,1,1,5
    1112 DATA 1,1,1,8,11,1,1,1,1,6,1,1,2,1,1,3
    1113 DATA 2,1,16,175,2,3,2,1,2,1,1,27,1,7,1
    1114 DATA 10,9,1,1,1,1,1,1,1,2,1,1,1,1,1,1
    1115 DATA 1,1,3,1,2,15,176,2,3,1,1,1,2,1,7
    1116 DATA 1,37,10,2,1,3,1,12,1,1,17,177,1,3
    1117 DATA 1,1,3,47,3,1,5,1,1,4,1,12,1,2,16
    1118 DATA 176,1,3,1,2,2,2,1,28,1,15,9,1,1,1
    1119 DATA 1,13,1,1,1,2,17,177,1,6,2,30,1,16
    1120 DATA 4,1,5,2,1,12,1,1,1,2,17,182,1,1,2
    1121 DATA 29,1,16,6,1,2,1,1,1,1,2,1,8,1,1,1
    1122 DATA 3,18,177,1,6,3,28,1,17,6,1,2,1,1
    1123 DATA 3,1,2,1,5,1,1,1,2,1,1,16,178,1,3
    1124 DATA 1,1,1,1,1,1,1,43,8,2,3,1,1,6,1,1
    1125 DATA 2,1,1,2,19,178,2,6,1,1,1,1,1,42,1
    1126 DATA 1,7,2,1,1,1,1,1,4,1,2,1,2,1,1,1,1
    1127 DATA 17,178,1,5,3,1,1,3,1,6,1,14,1,18
    1128 DATA 1,1,9,3,1,3,1,2,1,3,1,1,1,1,18
    1129 DATA 179,2,5,2,1,2,2,1,1,1,22,1,17,8,1
    1130 DATA 1,10,2,1,1,1,1,1,16,180,1,2,1,2,1
    1131 DATA 1,1,1,1,3,1,1,1,21,1,16,10,1,1,1
    1132 DATA 1,4,1,1,2,1,2,1,1,1,17,181,1,3,1
    1133 DATA 1,1,2,2,3,1,1,1,1,1,15,1,20,8,1,1
    1134 DATA 1,1,1,2,2,1,2,1,1,5,1,15,183,1,2
    1135 DATA 1,1,1,1,3,1,2,3,1,2,1,14,1,17,11
    1136 DATA 1,1,1,1,2,1,2,1,1,1,1,1,1,2,1,16
    1137 DATA 183,1,4,1,2,2,2,3,1,2,35,10,1,1,1
    1138 DATA 1,2,1,1,1,2,1,1,1,1,19,185,1,2,1
    1139 DATA 1,1,1,2,1,1,2,1,2,1,33,6,1,5,1,1
    1140 DATA 2,1,3,1,1,1,1,18,1,1,188,1,2,1,1
    1141 DATA 2,1,2,1,1,2,1,2,1,14,1,16,12,1,1
    1142 DATA 1,1,4,1,1,1,2,16,190,1,1,3,1,2,2
    1143 DATA 1,1,1,1,1,33,13,1,1,4,1,1,1,1,1,1
    1144 DATA 16,195,1,1,1,1,1,1,1,1,1,1,1,16,1
    1145 DATA 18,13,1,1,2,1,1,1,1,2,1,16,193,1
    1146 DATA 2,1,1,1,1,1,2,1,1,1,14,1,18,12,1
    1147 DATA 1,2,1,2,1,1,2,1,16,192,1,2,1,1,1
    1148 DATA 1,1,1,1,1,1,2,1,14,1,6,1,11,13,1
    1149 DATA 1,1,1,1,1,1,1,1,1,1,16,191,1,2,1
    1150 DATA 1,1,2,1,2,1,1,1,2,1,11,1,9,1,9,13
    1151 DATA 1,1,1,1,2,1,1,20,191,1,6,1,1,1,1
    1152 DATA 1,1,1,1,2,11,1,20,14,1,1,1,1,1,1
    1153 DATA 2,18,191,1,2,2,2,1,1,1,1,1,2,1,32
    1154 DATA 1,1,13,1,1,1,1,1,1,1,20,197,1,1,1
    1155 DATA 3,1,1,1,1,1,28,1,1,18,1,3,2,11,1
    1156 DATA 6,192,1,5,1,2,1,3,1,1,1,22,3,3,1
    1157 DATA 1,15,1,2,2,3,1,18,193,1,1,1,2,1,1
    1158 DATA 1,4,1,1,1,20,1,1,1,1,2,1,1,1,20,3
    1159 DATA 2,1,5,1,11,197,1,1,1,4,1,1,1,12,1
    1160 DATA 6,1,3,3,1,4,1,16,1,3,1,2,1,6,1,9
    1161 DATA 194,2,1,1,2,1,4,1,1,1,2,1,16,2,3
    1162 DATA 2,1,1,1,2,1,20,1,2,1,7,1,8,197,1
    1163 DATA 1,1,2,1,4,1,7,1,2,2,1,3,2,1,1,1,1
    1164 DATA 1,2,1,1,3,1,2,1,12,1,7,1,6,1,10
    1165 DATA 199,1,2,1,5,1,7,1,1,1,3,1,2,1,2,1
    1166 DATA 2,1,2,1,1,5,1,20,1,7,1,9,195,1,1
    1167 DATA 1,1,1,6,1,3,1,3,1,2,1,1,3,2,1,2,2
    1168 DATA 1,1,1,2,1,7,1,16,1,4,1,15,196,2,1
    1169 DATA 1,6,1,4,1,2,1,2,1,1,4,1,1,3,2,1,2
    1170 DATA 1,1,1,6,1,25,1,11,199,1,4,1,2,1,1
    1171 DATA 1,5,2,1,1,1,1,1,3,1,3,1,2,1,2,1,4
    1172 DATA 1,1,1,17,1,4,1,3,1,9,201,1,3,1,4
    1173 DATA 1,1,1,3,6,1,3,2,1,1,1,1,2,2,1,1,2
    1174 DATA 1,2,1,17,1,1,1,2,1,2,1,2,1,7,199
    1175 DATA 2,10,1,2,7,1,2,1,1,1,1,1,3,2,1,1
    1176 DATA 2,1,2,1,20,1,3,1,2,1,10,200,1,1,1
    1177 DATA 5,1,2,1,1,1,2,1,1,44,2,3,1,2,1,9
    1178 DATA 200,1,3,1,2,1,1,1,3,1,1,1,1,10,1
    1179 DATA 1,1,1,1,1,1,3,1,5,1,17,1,2,1,1,1
    1180 DATA 12,202,1,1,1,3,1,1,1,4,2,1,6,3,1
    1181 DATA 16,1,2,15,2,3,1,1,1,10,207,1,1,1
    1182 DATA 2,1,2,1,1,6,2,1,17,1,1,4,1,13,1,2
    1183 DATA 1,3,1,9,203,2,7,1,1,1,2,6,26,1,1
    1184 DATA 12,1,6,1,8,206,1,1,1,2,2,4,6,2,1
    1185 DATA 23,12,2,3,1,13,206,1,3,3,1,3,1,5
    1186 DATA 2,1,14,1,2,4,2,1,1,10,1,1,1,16
    1187 DATA 209,1,3,1,1,1,1,5,12,1,1,3,1,1,1
    1188 DATA 1,2,1,1,1,1,1,1,2,1,8,1,1,1,15
    1189 DATA 206,2,1,1,1,2,1,2,1,5,1,2,1,1,2,1
    1190 DATA 4,1,2,2,2,1,1,2,1,2,1,11,1,2,1,17
    1191 DATA 207,1,1,7,1,3,1,1,4,1,2,2,1,1,1,3
    1192 DATA 1,22,1,19,205,1,2,5,1,1,1,4,3,1,3
    1193 DATA 1,3,1,1,1,1,2,1,1,1,7,1,10,1,1,2
    1194 DATA 1,1,7,1,9,206,4,1,1,1,3,1,1,1,1,1
    1195 DATA 1,5,1,1,3,1,4,1,2,1,1,1,1,1,13,1
    1196 DATA 2,1,18,208,2,4,1,1,2,1,1,1,1,10,5
    1197 DATA 1,2,1,1,1,1,1,13,2,20,204,1,1,1,1
    1198 DATA 5,1,4,1,1,12,2,1,2,1,13,1,2,1,1,1
    1199 DATA 2,2,20,204,1,3,2,2,2,1,1,2,2,1,1
    1200 DATA 9,1,3,1,2,1,1,1,1,2,1,6,1,3,1,1,1
    1201 DATA 1,1,21,203,1,5,3,1,1,1,2,2,2,2,1
    1202 DATA 8,1,8,1,1,1,1,4,1,1,1,4,1,1,1,22
    1203 DATA 202,3,3,1,2,1,1,1,1,3,1,1,2,1,16
    1204 DATA 1,1,3,1,1,1,3,3,4,1,24,201,2,5,4
    1205 DATA 1,1,1,1,1,1,3,2,14,1,1,1,1,3,1,1
    1206 DATA 2,1,4,28,200,4,1,2,1,4,2,1,1,1,1
    1207 DATA 1,2,2,5,1,4,1,2,2,1,4,1,2,1,1,2,1
    1208 DATA 1,28,200,4,2,2,2,1,3,2,1,1,1,3,5
    1209 DATA 2,1,1,1,1,2,1,1,7,2,1,2,1,1,31
    1210 DATA 199,4,2,4,1,4,5,1,3,2,2,1,1,3,2,1
    1211 DATA 1,7,1,1,1,1,1,34,196,1,1,1,1,2,2
    1212 DATA 1,1,1,1,1,7,1,3,1,1,1,1,1,1,2,1,2
    1213 DATA 1,3,1,2,1,3,1,1,1,1,1,34,1,1,194
    1214 DATA 1,1,4,2,2,1,1,3,1,4,1,1,1,2,1,1,1
    1215 DATA 1,2,1,7,1,1,1,1,1,3,1,43,188,2,1
    1216 DATA 1,1,3,1,1,1,1,3,1,4,1,1,2,1,1,1,2
    1217 DATA 1,1,1,5,1,2,1,2,1,2,1,1,1,45,186
    1218 DATA 3,1,1,1,4,1,2,9,2,1,2,1,1,1,2,1,1
    1219 DATA 1,2,1,3,1,1,2,2,1,48,184,2,1,1,1
    1220 DATA 1,2,3,1,1,2,1,2,2,2,1,1,1,1,1,1,2
    1221 DATA 1,2,3,4,2,3,1,1,1,49,183,2,1,1,1
    1222 DATA 2,2,2,1,3,2,1,2,1,2,1,1,2,1,1,1,2
    1223 DATA 4,4,1,1,1,4,2,52,179,3,1,1,1,1,1
    1224 DATA 1,1,3,1,2,2,1,2,1,1,1,1,6,6,4,1,2
    1225 DATA 1,59,176,4,1,1,1,1,1,1,1,5,1,1,1
    1226 DATA 1,1,4,1,1,3,1,6,6,1,64,172,3,3,1
    1227 DATA 2,1,1,6,1,1,2,1,1,1,7,2,4,73,170
    1228 DATA 4,1,1,1,1,2,1,2,7,1,2,10,2,2,75
    1229 DATA 168,4,1,1,2,1,1,1,1,1,1,8,13,1,1
    1230 DATA 77,164,8,2,1,1,1,1,1,2,6,17,78
    1231 DATA 161,10,3,1,2,1,1,1,1,4,16,80,157
    1232 DATA 14,4,1,2,1,1,4,18,80,153,18,3,1,1
    1233 DATA 1,1,1,1,2,2,1,16,79,152,21,2,1,2
    1234 DATA 1,1,3,19,78,151,24,3,1,1,1,1,2,20
    1235 DATA 76,150,28,4,3,20,75,147,33,1,2,1
    1236 DATA 2,20,74,145,37,4,1,20,73,143,37,7
    1237 DATA 1,20,72,142,38,8,1,21,70,140,39
    1238 DATA 10,1,15,1,2,1,2,69,137,41,12,1,15
    1239 DATA 1,3,1,1,68,135,44,11,1,16,1,1,1,1
    1240 DATA 69,133,45,14,1,14,1,1,1,2,68,131
    1241 DATA 47,30,2,1,69,130,49,27,1,1,2,2,68
    1242 DATA 128,51,28,2,1,1,1,68,126,53,27,1
    1243 DATA 1,2,1,69,125,55,25,1,1,1,1,6,1,64
    1244 DATA 123,57,26,2,1,7,1,63,121,56,15,1
    1245 DATA 11,2,1,1,1,7,2,62,119,57,18,1,10
    1246 DATA 1,1,1,1,8,2,61,117,58,4,3,13,1,8
    1247 DATA 1,1,1,1,3,1,68,115,60,2,1,4,1,12
    1248 DATA 1,1,1,3,1,2,1,1,1,2,9,1,61,113,62
    1249 DATA 1,1,17,1,1,1,5,1,2,1,1,1,1,10,1
    1250 DATA 60,112,62,1,1,20,1,1,1,1,1,2,1,1
    1251 DATA 1,1,1,1,71,110,64,19,1,1,1,1,1,3
    1252 DATA 1,3,1,1,1,1,71,109,65,19,1,1,1,1
    1253 DATA 1,1,1,2,2,1,1,1,1,1,1,1,69,109,65
    1254 DATA 19,1,1,1,3,1,1,1,1,1,1,1,1,1,1,71
    1255 DATA 109,65,19,1,1,1,1,1,1,1,1,3,1,1,1
    1256 DATA 2,1,70,55
